15,293766037726560256
15,147681537033371648
15,704817325651525772
15,601403552296075275
15,717457802276110417
15,210797468252766229
15,296811751494778880
15,767746309226364959
15,140392960998113280
15,282319968832585728
15,819655173802688522
15,461937050204110859
15,542929855033901066
15,516922673918640138
15,257191130855243777
15,404608592952688640
15,160639606147121153
15,255387990136848385
15,248086467627188228
15,217360523203706892
16,132244806888980480
16,323221205316403201
16,147681537033371648
16,671786598488080424
16,293766037726560256
16,210797468252766229
16,282319968832585728
16,717457802276110417
16,767746309226364959
16,267066723654434816
16,140392960998113280
16,257191130855243777
16,210265390096449538
16,704817325651525772
16,404608592952688640
16,160639606147121153
16,581535090992218114
16,819655173802688522
16,338454435325804552
16,542929855033901066
16,516922673918640138
16,186281832243789826
16,298292253854531586
16,599999906039726090
16,217360523203706892
17,81125477607014400
17,293766037726560256
17,427925416376926209
17,704817325651525772
17,210797468252766229
17,717457802276110417
17,748951884408160288
17,323221205316403201
17,201902232961155072
17,160639606147121153
17,767746309226364959
17,257191130855243777
17,255387990136848385
17,282319968832585728
17,210265390096449538
17,819655173802688522
17,581535090992218114
17,217360523203706892
18,186281832243789826
18,248086467627188228
18,210797468252766229
18,298292253854531586
18,609306583322591233
18,427925416376926209
18,717457802276110417
18,581535090992218114
18,542929855033901066
18,282319968832585728
18,201902232961155072
18,257191130855243777
18,461937050204110859
18,255387990136848385
18,210265390096449538
18,767746309226364959
18,293766037726560256
18,819655173802688522
18,296811751494778880
19,217360523203706892
19,186281832243789826
19,248086467627188228
19,581535090992218114
19,542929855033901066
19,210797468252766229
19,427925416376926209
19,298292253854531586
19,748951884408160288
19,255387990136848385
19,282319968832585728
19,819655173802688522
19,201902232961155072
19,296811751494778880
19,767746309226364959
20,186281832243789826
20,242658760999436288
20,599999906039726090
20,293766037726560256
20,248086467627188228
20,542929855033901066
20,210797468252766229
20,427925416376926209
20,210265390096449538
20,257191130855243777
20,404608592952688640
20,201902232961155072
20,819655173802688522
21,323221205316403201
21,186281832243789826
21,242658760999436288
21,767746309226364959
21,210797468252766229
21,601403552296075275
21,378972055434952706
21,293766037726560256
21,83054853802164224
21,542929855033901066
21,717457802276110417
21,132244806888980480
21,819655173802688522
21,427925416376926209
21,290318840762728448
21,163907404998639616
22,186281832243789826
22,427925416376926209
22,323221205316403201
22,257191130855243777
22,177674391700766720
22,581535090992218114
22,210265390096449538
22,242658760999436288
22,767746309226364959
22,201902232961155072
22,717457802276110417
22,205959606395076608
22,210797468252766229
22,542929855033901066
22,217360523203706892
22,293766037726560256
22,609306583322591233
22,282319968832585728
23,217360523203706892
23,717457802276110417
23,290318840762728448
23,427925416376926209
23,298292253854531586
23,163907404998639616
23,201902232961155072
23,323221205316403201
23,147681537033371648
23,242658760999436288
23,257191130855243777
23,210797468252766229
23,186281832243789826
23,231669780174602251
23,378972055434952706
23,601403552296075275
23,83054853802164224
23,609306583322591233
00,323221205316403201
00,205959606395076608
00,257191130855243777
00,186281832243789826
00,704817325651525772
00,427925416376926209
00,298292253854531586
00,542929855033901066
00,601403552296075275
00,609306583322591233
00,177674391700766720
00,83054853802164224
00,717457802276110417
00,140392960998113280
00,819655173802688522
00,173188861042753536

